1000
26 66 46
34 74 26
31 71 63
21 85 59
55 47 36
77 20 76
91 42 45
0 26 12
40 77 91
65 94 93
55 11 28
53 65 15
25 3 74
52 95 19
91 86 30
94 38 82
40 65 98
23 48 97
83 96 96
73 83 7
86 53 62
73 97 67
88 80 48
77 7 77
29 54 32
32 59 78
67 34 83
85 6 6
74 46 30
66 3 40
78 40 40
13 20 85
20 5 79
5 61 37
60 92 65
17 30 80
2 32 55
54 70 47
98 49 92
26 41 23
22 59 24
84 25 9
3 35 89
89 49 29
12 15 85
37 73 58
10 8 26
66 34 71
72 0 11
79 57 97
0 70 53
88 54 100
27 81 95
98 83 49
6 15 16
15 32 26
74 13 31
37 68 31
80 30 58
28 10 22
62 49 14
71 12 24
94 10 8
19 56 32
33 64 93
24 36 15
48 60 39
13 0 88
43 55 52
27 97 37
74 30 24
42 50 99
9 46 76
37 17 93
30 5 70
92 84 30
2 82 13
24 79 2
40 32 41
33 64 80
42 81 56
23 52 53
61 94 7
42 61 72
45 46 67
65 19 28
57 29 29
8 16 6
6 9 67
96 56 14
11 52 53
68 45 17
93 65 85
71 38 17
63 55 67
60 81 87
66 99 92
95 8 62
90 81 19
55 56 96
63 87 30
3 98 75
93 93 46
33 27 59
22 99 95
46 39 38
8 23 68
5 8 9
35 75 55
56 41 62
38 89 24
59 50 3
28 7 22
36 85 45
2 45 28
65 88 12
54 7 19
64 15 34
32 56 13
42 67 45
79 52 13
39 4 62
8 56 57
44 50 39
32 31 72
89 51 4
38 81 59
5 23 9
46 44 58
76 46 100
64 90 43
10 59 73
31 27 70
79 45 87
17 57 94
69 36 33
54 22 39
15 59 75
13 26 77
93 13 6
61 85 74
11 50 26
18 20 30
39 79 74
57 4 71
80 38 94
45 67 21
83 85 78
1 73 54
26 28 72
64 34 92
75 69 6
78 2 2
97 44 41
50 6 62
45 47 65
89 98 27
26 25 6
12 39 45
46 75 30
41 89 79
62 56 91
56 63 26
34 56 20
70 77 59
82 31 90
5 51 64
87 41 55
84 17 21
75 28 52
16 59 84
88 99 88
72 2 95
60 56 49
16 25 11
2 41 98
35 23 43
50 17 49
70 15 33
58 26 27
22 42 24
35 23 100
66 96 21
58 4 98
92 74 56
56 77 67
47 73 1
33 80 28
58 22 30
24 81 26
25 56 94
95 67 40
8 47 86
29 8 35
36 50 89
75 56 13
12 61 25
76 23 24
62 25 8
83 32 31
11 45 2
99 97 89
92 85 77
92 96 76
1 70 21
35 77 60
52 16 91
88 4 93
48 30 29
8 72 84
34 23 37
88 28 30
72 31 67
5 12 89
99 87 10
83 56 18
96 29 42
10 8 55
15 49 85
68 38 71
31 5 48
44 7 61
97 65 45
53 16 40
94 64 67
77 32 38
1 0 37
45 4 83
81 52 25
3 59 84
71 29 53
44 71 59
61 54 26
14 42 40
15 40 59
66 24 24
94 24 29
62 36 78
86 98 34
21 35 22
74 38 20
62 68 97
65 77 60
26 4 88
42 96 36
67 50 32
5 96 60
41 70 89
42 28 62
55 15 47
32 94 99
98 76 85
43 83 14
32 86 81
14 20 39
51 10 32
10 29 72
54 18 95
93 48 49
29 1 6
4 6 87
46 93 93
81 50 66
91 1 57
62 62 47
23 70 60
16 21 57
95 62 86
68 47 8
85 31 37
95 69 38
82 96 87
79 51 63
66 18 100
7 29 8
93 26 94
12 77 1
37 24 98
23 17 37
70 61 88
25 52 9
14 65 34
1 26 81
92 67 66
75 14 41
83 74 29
94 40 52
30 52 48
50 15 13
70 77 35
38 60 40
43 57 57
34 73 27
81 40 87
20 52 63
33 23 53
96 51 28
22 43 14
20 34 43
57 61 74
65 85 99
33 48 54
71 40 29
4 20 39
4 54 62
28 60 89
29 47 4
42 77 26
78 0 55
63 18 61
37 65 54
1 28 7
13 3 77
96 49 39
55 73 50
2 60 42
98 75 18
68 1 76
2 13 55
16 66 58
77 41 64
96 78 65
73 26 45
26 35 32
68 40 75
12 73 48
33 31 50
27 17 83
28 55 20
36 64 81
61 48 60
63 91 76
81 82 22
50 87 58
92 33 82
40 72 23
88 56 58
99 61 21
98 37 31
79 31 7
67 76 57
51 47 100
61 70 41
47 98 8
51 53 45
22 85 81
2 27 77
51 70 68
44 72 95
21 22 41
26 79 69
20 13 56
64 79 2
80 11 12
20 99 12
9 84 10
17 61 93
62 90 25
86 98 48
35 7 100
94 50 96
45 43 71
55 63 49
13 83 33
81 6 51
7 86 25
83 62 54
58 14 89
12 95 86
49 98 63
22 61 50
96 97 22
11 84 10
50 34 46
81 12 47
51 41 27
33 38 58
77 85 2
47 42 16
1 36 80
6 14 60
13 35 43
61 53 1
17 14 13
1 45 87
75 61 7
76 1 37
10 35 10
43 7 73
26 57 58
40 13 32
20 49 90
48 23 14
85 43 22
11 65 97
60 7 81
88 63 5
89 61 62
2 4 54
96 5 86
39 69 14
24 41 35
48 13 64
46 62 28
45 14 48
33 81 72
44 55 53
4 64 74
66 33 53
98 96 65
19 23 71
56 72 12
16 7 5
19 91 44
1 13 68
13 9 22
64 5 78
56 2 37
32 26 68
13 31 36
12 93 10
51 86 68
10 54 16
10 19 65
13 93 28
92 93 3
98 71 24
9 34 26
92 42 18
99 21 30
50 41 2
74 52 68
69 19 11
53 85 90
80 48 97
49 32 3
41 49 65
4 61 82
18 60 47
69 62 90
74 69 45
83 31 51
8 20 72
25 58 87
20 53 4
61 39 96
17 97 30
97 0 72
13 56 84
54 78 68
1 18 24
76 78 22
69 34 73
10 4 20
82 69 71
19 60 69
26 59 16
59 36 97
83 52 83
51 87 26
62 70 86
80 83 26
43 69 48
65 93 9
38 25 66
69 8 52
32 35 39
32 46 21
40 12 52
68 42 49
44 95 57
63 79 11
45 17 31
8 1 13
11 91 89
31 7 38
6 31 38
81 69 67
56 12 69
33 13 3
10 63 47
31 16 25
24 97 85
0 28 44
86 88 92
78 45 24
59 0 50
20 33 53
58 23 14
96 86 70
53 45 51
21 97 85
88 45 54
76 66 40
18 18 41
4 64 97
49 42 17
88 89 90
99 83 7
73 48 79
11 33 44
73 76 42
61 36 21
85 97 35
97 72 83
21 16 85
1 47 6
77 94 39
35 80 9
46 69 61
54 27 16
25 31 42
40 98 62
0 67 88
62 66 78
64 95 44
92 44 51
3 53 70
93 78 90
42 19 62
2 21 34
2 22 52
2 85 52
48 14 35
46 61 20
4 59 65
57 36 22
12 4 24
29 73 24
72 26 91
56 61 76
31 54 31
69 42 10
24 84 22
38 71 87
76 40 80
8 29 60
36 72 57
55 58 47
50 92 22
71 0 75
33 5 66
9 57 10
62 31 66
71 27 24
10 34 75
33 84 52
46 52 36
53 43 80
56 85 53
33 32 72
71 42 53
2 12 48
34 37 46
46 4 55
65 37 73
63 39 60
81 52 11
88 17 92
76 75 9
16 20 24
97 21 70
26 88 87
30 0 26
84 61 75
43 22 27
6 80 25
1 94 74
32 81 63
84 80 93
21 66 44
46 69 4
24 96 33
7 25 12
98 82 45
9 7 87
27 4 1
84 12 36
43 69 68
42 97 71
76 64 24
72 30 4
60 26 53
55 76 29
17 25 22
3 61 41
33 16 70
24 58 47
52 54 15
42 59 60
84 71 77
12 75 75
70 78 47
8 65 35
77 81 43
51 39 90
16 63 23
29 56 30
36 1 100
10 14 94
35 2 6
19 63 15
23 94 65
7 87 57
81 42 65
41 53 39
53 47 89
99 43 16
11 62 14
49 66 99
42 97 3
52 66 72
98 82 42
52 13 78
18 42 5
83 96 40
29 93 15
63 35 42
68 91 81
10 41 12
92 52 93
59 83 99
88 16 39
39 44 58
35 50 30
53 12 42
81 96 5
84 62 67
30 6 17
84 28 88
26 47 57
25 91 82
58 85 26
88 35 72
13 20 1
31 4 98
80 16 68
0 79 10
32 6 25
79 43 53
74 59 71
53 91 68
70 50 5
92 8 40
38 4 4
79 54 37
29 19 18
45 23 11
71 63 89
98 37 45
25 10 54
52 8 40
30 78 2
51 18 51
64 25 6
75 98 64
6 90 34
32 55 59
95 97 87
11 11 50
80 20 96
36 15 34
87 80 23
21 27 71
26 37 48
3 11 94
37 11 13
40 91 84
60 58 48
10 39 45
5 8 79
27 83 85
19 41 80
96 80 76
58 78 97
91 3 36
59 57 6
85 56 33
54 57 16
42 21 86
37 48 11
70 58 32
76 25 86
13 26 48
23 9 69
99 26 75
57 64 34
2 48 67
84 57 52
83 46 4
5 25 9
10 42 15
23 96 97
92 37 10
89 44 26
91 99 8
43 22 72
99 63 93
33 36 25
6 9 97
13 95 45
96 97 42
92 59 95
96 44 75
68 6 26
21 78 86
86 52 7
77 55 71
21 45 100
16 13 9
33 15 12
30 26 59
27 47 33
2 13 82
96 12 86
33 84 51
88 13 39
93 52 92
27 25 90
11 4 10
95 30 97
86 39 43
46 89 42
59 40 37
96 72 63
36 10 93
79 96 15
46 87 8
63 99 21
63 43 82
15 31 69
52 91 9
40 4 94
15 84 20
63 4 55
72 8 42
30 46 71
78 36 42
92 80 36
94 28 62
32 41 31
81 70 15
32 32 59
92 95 29
25 55 57
84 27 85
16 48 26
55 50 30
63 27 43
12 69 70
23 55 41
67 90 12
69 9 8
56 48 61
36 6 55
75 83 69
73 36 58
58 25 83
91 15 52
2 85 53
13 2 49
70 70 52
21 15 49
32 37 91
5 61 66
76 20 4
53 53 30
36 92 27
22 29 89
38 64 22
19 32 13
95 66 73
3 51 94
53 99 13
74 28 67
23 67 73
17 46 64
86 6 42
37 70 92
2 71 18
24 32 7
80 82 56
75 85 99
97 52 1
20 56 48
78 64 71
15 53 78
63 70 2
6 28 58
75 48 24
18 50 31
53 98 79
50 82 92
70 36 13
9 93 63
92 48 6
17 40 42
38 18 42
2 38 78
94 44 46
84 58 70
27 80 92
31 44 41
18 47 91
55 61 73
79 70 100
93 37 62
1 22 45
74 21 63
22 89 61
3 26 34
14 0 10
32 74 39
49 59 20
31 69 63
65 54 6
90 75 81
68 46 36
36 52 89
78 63 66
7 34 6
7 25 59
8 41 22
69 19 56
52 8 22
58 73 13
53 53 13
12 76 71
60 80 37
49 1 20
5 19 35
94 52 32
77 77 11
5 70 65
20 30 32
24 80 97
68 96 97
55 73 52
39 74 95
30 93 25
39 22 24
34 84 17
58 25 63
25 79 38
10 76 73
15 44 84
27 18 78
77 10 9
36 24 98
77 26 17
63 0 82
7 16 92
75 19 38
98 43 94
85 75 80
26 55 1
50 91 15
49 71 2
51 10 37
78 31 9
4 50 72
40 25 20
52 90 63
38 22 71
65 68 19
89 19 90
22 89 35
54 71 9
20 56 15
21 63 7
24 83 71
18 63 70
96 22 40
92 45 71
23 2 34
94 15 3
30 75 18
15 59 74
80 8 64
1 71 39
86 8 19
0 62 73
87 80 72
45 44 48
22 31 64
40 34 93
94 64 59
81 36 96
20 22 8
52 37 68
25 94 93
58 71 59
31 65 35
42 75 85
15 18 23
73 31 65
35 92 87
99 89 9
70 42 80
50 93 11
37 44 22
24 27 41
48 62 50
74 43 39
29 70 35
35 10 88
41 40 46
10 47 53
14 58 30
3 57 30
59 26 66
55 99 98
17 33 85
97 38 5
53 40 85
1 50 98
40 23 35
46 25 88
19 24 54
91 58 93
22 9 90
45 27 2
39 4 29
34 16 77
30 76 65
8 20 39
63 25 5
36 32 36
6 44 59
58 51 70
25 46 45
23 57 86
41 12 29
66 84 41
88 88 16
13 8 8
12 42 79
99 84 74
96 62 69
52 77 1
33 62 65
86 39 81
98 63 87
41 1 61
30 12 75
76 31 18
56 24 39
22 33 68
62 32 11
16 91 14
90 38 15
13 72 88
26 20 76
6 20 64
24 19 69
45 83 42
8 52 36
26 0 57
15 72 5
47 66 3
84 33 45
36 66 82
77 98 4
88 48 97
33 32 57
15 99 53
5 42 34
59 13 93
10 20 7
38 94 80
8 83 10
35 77 52
63 48 64
11 50 30
26 24 26
96 51 90
53 85 20
55 76 48
10 21 73
22 41 33
51 39 98
50 74 93
14 16 78
63 82 59
30 54 17
23 43 65
72 20 29
67 39 23
24 23 27
49 86 96
77 51 81
54 22 18
12 15 11
78 52 53
89 49 8
22 25 84
61 0 42
97 44 24
16 22 45
2 66 31
