1000
72 3 63
42 12 92
41 52 89
36 33 53
31 66 17
26 25 44
89 99 52
95 52 26
20 32 31
82 94 43
32 75 82
88 47 46
92 51 72
54 48 74
36 98 27
67 83 95
49 66 39
48 72 42
88 47 79
22 11 98
87 71 99
62 80 72
61 11 12
10 80 80
21 28 12
44 11 3
78 5 62
22 92 76
68 24 97
62 83 96
16 83 22
56 43 88
36 10 76
86 66 64
34 3 56
64 84 95
57 18 9
91 86 37
20 24 17
50 73 56
78 23 50
0 51 19
91 23 30
5 75 33
59 50 76
1 82 55
87 77 82
56 48 11
79 14 47
22 80 62
97 50 31
26 76 84
27 9 32
36 81 60
45 22 94
84 55 32
1 12 3
87 44 68
60 51 8
36 15 53
54 95 69
10 83 43
2 23 43
43 3 80
63 90 60
12 12 99
92 41 54
98 29 58
87 78 76
80 53 8
55 0 8
56 36 76
5 33 9
35 54 60
71 32 91
7 38 14
26 81 12
11 34 60
71 70 83
68 12 30
72 51 44
39 40 49
4 48 27
38 9 84
79 79 27
77 18 87
87 36 4
88 40 89
89 3 16
4 47 89
85 1 64
5 21 15
88 67 73
58 48 67
85 29 42
88 37 11
98 20 29
41 43 7
37 0 85
5 87 93
66 34 64
73 22 37
64 31 54
35 31 76
5 64 90
34 85 69
57 73 5
59 5 17
95 92 37
16 73 41
69 67 30
74 41 14
27 60 100
19 6 57
76 83 57
53 59 35
86 56 39
29 54 96
71 82 67
79 82 8
89 47 36
7 2 53
25 68 5
22 62 7
5 42 62
40 54 32
44 59 20
15 38 14
80 73 99
39 21 71
19 63 71
77 44 59
97 95 29
12 94 13
65 67 11
22 14 60
92 44 86
19 87 48
28 30 97
36 55 23
96 55 46
69 44 95
44 55 14
60 72 72
43 24 2
35 10 12
95 61 65
21 80 68
51 78 29
66 69 68
70 59 6
90 95 61
10 15 68
68 16 49
61 82 42
92 58 74
93 87 10
29 17 96
8 29 6
58 46 64
11 66 58
15 75 12
84 91 71
30 8 69
51 20 27
74 78 21
94 60 65
18 56 85
84 91 72
10 51 4
24 88 1
70 71 89
72 0 45
17 32 77
80 9 95
71 17 75
15 69 36
83 26 50
39 91 88
56 33 98
98 41 19
8 89 72
57 91 53
26 16 67
67 27 93
65 42 50
21 22 33
98 37 39
94 23 1
63 75 33
58 15 37
22 30 18
11 49 65
89 21 77
43 6 28
60 62 9
54 3 5
89 81 66
19 78 31
65 78 11
73 57 77
82 72 44
22 97 57
60 6 95
27 31 14
8 54 53
6 36 43
4 9 97
37 0 36
51 80 57
41 37 23
61 58 64
96 62 69
21 77 81
21 47 70
35 24 41
93 16 55
73 6 91
53 44 98
38 93 7
29 58 9
50 47 19
5 77 46
17 7 70
56 59 49
11 97 64
74 34 74
7 92 91
17 70 56
98 17 96
66 92 23
98 24 37
80 53 57
54 32 3
63 30 21
82 61 8
24 63 90
14 80 2
9 39 84
57 4 10
40 24 94
71 62 90
56 38 64
38 1 61
34 72 48
71 11 61
58 16 40
27 28 88
35 56 50
67 89 19
34 72 29
26 36 51
11 50 12
34 4 1
10 38 32
89 35 65
51 67 53
38 49 1
13 29 63
79 79 90
6 47 83
99 49 38
1 3 35
9 25 23
41 21 92
67 28 77
52 35 17
93 94 91
63 9 41
9 34 52
66 30 61
85 1 18
72 9 50
0 91 47
70 36 12
9 78 26
6 58 44
67 97 85
75 61 89
79 54 26
6 85 65
75 15 47
54 92 69
0 87 56
75 56 86
46 63 91
75 58 72
30 63 63
86 58 60
5 11 82
56 31 4
19 56 71
59 36 84
99 74 89
90 5 12
85 82 3
31 96 20
77 36 77
91 38 19
55 0 79
97 29 64
54 49 40
49 98 21
66 72 29
47 18 2
51 46 35
36 83 16
57 65 97
40 62 24
30 39 62
57 45 9
30 59 70
91 52 46
18 55 67
1 19 76
36 99 78
2 38 71
88 14 90
39 40 30
3 38 68
44 12 26
79 75 26
62 70 47
47 45 64
53 19 25
3 95 94
76 46 46
41 96 51
69 65 48
99 50 55
28 78 16
24 23 66
52 42 30
45 85 50
84 96 70
95 76 88
51 69 90
94 84 33
22 51 33
20 75 56
90 76 64
48 75 76
72 14 51
84 80 21
54 32 41
24 76 89
59 23 25
99 52 33
91 70 1
21 5 23
49 38 98
41 26 40
79 66 75
8 94 98
13 60 81
46 78 3
91 90 10
52 3 38
92 12 64
24 17 99
99 46 24
89 54 80
98 68 63
38 22 77
15 55 13
99 76 51
57 35 53
65 62 72
31 31 95
76 31 79
92 53 16
65 49 30
70 28 74
16 23 2
12 19 40
29 5 37
54 48 35
37 78 53
11 44 4
63 47 65
82 39 40
22 80 9
7 90 70
45 36 27
9 97 58
59 87 19
49 63 67
82 3 58
47 29 57
96 36 12
52 94 63
1 63 49
15 94 9
48 37 20
21 22 69
77 82 19
61 26 2
71 60 16
54 38 76
89 72 72
74 16 20
13 62 82
64 4 30
86 0 10
95 64 5
76 10 13
90 66 30
69 5 51
40 79 41
36 13 91
30 63 44
9 68 74
73 97 86
92 37 47
97 48 67
64 32 88
8 28 36
13 61 21
62 33 38
56 10 23
61 67 40
71 8 11
71 17 82
28 96 15
26 96 81
69 42 96
22 84 92
97 61 91
15 79 16
10 2 80
48 54 90
13 5 69
51 23 82
32 49 24
85 39 6
16 50 86
34 98 11
11 78 70
14 8 91
35 40 42
38 0 57
69 73 45
21 66 63
25 74 34
73 31 62
36 27 66
5 15 15
71 4 12
92 64 72
48 40 27
6 69 100
87 57 40
81 19 77
13 58 39
50 73 56
4 90 86
57 41 52
56 40 12
15 34 53
32 88 56
9 90 15
85 61 86
89 14 5
86 29 58
56 18 29
7 92 1
58 85 57
95 73 48
17 33 49
17 6 15
15 84 89
9 91 3
33 82 18
8 98 8
56 81 94
53 23 22
10 9 47
94 54 43
61 63 34
17 89 49
1 51 16
41 14 5
45 14 98
7 64 90
89 63 37
7 21 57
39 68 87
84 84 88
11 79 82
36 71 24
96 43 73
29 15 33
50 89 95
28 45 17
6 86 51
89 47 95
19 78 62
40 95 3
29 63 24
0 81 97
75 77 1
38 95 36
9 28 52
74 82 7
66 14 47
24 25 1
37 43 98
99 41 88
4 33 76
10 64 41
70 66 23
21 30 79
27 1 35
70 47 71
99 19 44
50 10 60
68 6 29
27 96 57
52 93 93
27 13 98
70 87 8
47 29 1
3 92 62
24 15 84
4 27 29
59 27 37
87 47 74
87 49 77
48 73 70
98 53 10
17 18 74
52 2 70
37 98 62
82 95 95
97 44 46
34 11 34
12 33 41
68 44 70
15 14 36
22 85 28
90 56 76
69 38 25
37 97 6
86 96 52
20 22 48
93 93 59
46 68 22
12 8 59
4 30 99
28 18 15
28 76 17
16 69 17
2 20 96
61 96 22
92 80 50
7 64 67
87 78 77
55 41 14
47 7 98
1 48 79
85 89 31
77 46 93
98 51 46
87 85 60
8 84 36
91 26 15
28 77 69
69 82 32
82 80 59
17 6 97
3 48 65
10 73 8
4 48 89
47 30 43
38 65 99
54 25 59
89 22 10
40 83 67
45 48 83
51 97 24
4 11 64
18 57 70
0 13 83
88 44 89
37 61 94
17 40 39
87 3 33
94 64 54
89 90 64
47 13 10
7 15 74
66 57 37
72 11 83
69 20 25
18 64 95
62 64 15
79 43 3
63 11 48
67 1 19
77 46 4
30 27 95
22 10 87
84 0 96
7 81 6
74 47 20
85 28 8
20 30 17
80 22 28
31 2 60
52 61 80
23 52 65
44 49 32
62 94 83
60 74 23
4 72 88
81 9 42
80 9 81
7 67 41
93 87 82
67 8 28
8 32 31
58 40 85
1 25 20
31 42 4
69 54 35
12 20 15
0 23 9
29 31 40
56 23 68
76 51 45
52 64 48
6 50 46
69 94 62
4 43 66
75 41 63
25 98 45
35 81 10
68 3 76
44 49 22
8 10 37
6 35 74
47 41 13
24 31 4
92 41 26
3 76 4
30 35 95
89 50 17
40 78 57
93 48 10
6 59 42
90 34 13
93 92 98
22 12 1
97 57 68
20 24 77
90 94 54
79 23 72
30 0 87
97 49 98
16 81 89
75 31 45
41 36 93
37 68 99
37 84 74
47 38 66
88 13 86
50 11 14
91 51 41
37 16 69
76 80 16
45 79 64
14 35 54
89 6 46
51 62 86
63 11 7
14 67 42
26 34 86
42 77 15
85 82 57
85 30 17
61 5 78
47 8 97
45 67 91
17 95 18
65 98 48
20 74 44
4 52 33
27 34 17
27 6 86
56 19 16
20 13 3
38 17 83
68 20 81
0 50 96
65 50 19
75 22 11
59 17 64
25 33 40
2 11 54
66 94 48
54 91 90
44 83 16
80 77 68
22 71 14
62 13 75
22 58 7
14 60 52
57 97 48
78 25 65
84 40 73
59 71 64
5 79 34
67 85 57
36 3 67
81 72 77
64 49 68
4 39 70
9 7 57
1 49 19
74 72 25
65 98 66
45 31 55
39 96 39
36 41 95
43 57 50
65 99 43
94 17 8
71 65 8
90 81 34
50 82 29
24 83 10
44 15 57
45 27 6
1 75 71
21 83 57
98 10 88
48 29 6
15 40 40
96 14 37
43 84 79
4 67 87
21 71 90
58 82 17
3 56 32
27 24 56
53 30 85
79 27 90
19 59 65
26 65 99
40 55 100
46 49 19
37 2 1
2 76 37
81 33 64
81 42 75
48 65 9
95 61 13
47 65 87
52 12 68
79 64 68
93 24 97
33 46 38
59 2 88
57 16 3
31 32 7
95 8 2
3 51 86
39 49 91
91 99 49
44 15 73
15 5 64
49 32 11
52 95 10
50 37 80
56 24 92
90 99 78
88 35 52
54 20 8
44 28 56
2 62 22
49 53 5
67 24 16
38 45 59
0 85 43
32 79 13
13 60 74
92 43 2
4 51 48
4 18 100
13 89 76
16 10 27
51 83 51
8 44 64
56 0 91
3 73 48
6 73 33
89 7 81
89 7 79
92 30 50
8 74 83
6 1 4
84 63 9
15 2 90
58 73 24
38 8 22
35 29 11
38 95 23
91 35 66
28 3 21
52 57 59
29 0 6
88 28 66
11 44 97
34 95 85
95 59 50
81 18 81
17 39 95
77 16 53
25 10 4
57 29 6
34 44 47
0 67 52
45 37 81
32 14 77
27 31 2
95 3 29
3 38 37
39 19 63
91 61 30
36 86 40
10 53 92
31 62 41
61 48 73
99 12 23
81 39 5
15 54 87
11 60 67
37 20 62
3 76 56
10 4 65
99 51 92
29 52 31
12 61 9
28 59 96
42 26 78
90 32 4
44 39 2
23 91 75
28 35 55
19 82 13
16 64 74
59 17 97
5 89 68
81 4 20
30 83 15
65 68 6
62 9 84
57 47 85
57 40 66
26 31 1
27 7 46
81 89 31
97 42 18
58 17 28
94 1 76
72 87 96
57 52 54
38 96 11
24 31 89
2 86 23
71 1 84
77 8 57
25 65 73
57 58 11
34 73 88
36 37 10
67 84 98
53 47 39
79 73 13
35 51 61
6 74 31
0 57 56
55 95 11
36 1 15
65 67 96
9 40 14
83 67 35
92 53 51
20 23 11
46 99 23
17 88 98
50 94 91
90 3 39
5 25 67
50 24 40
16 8 81
72 18 18
98 8 27
92 26 67
51 71 40
36 2 40
25 48 2
27 54 79
18 78 12
21 40 15
71 0 72
97 52 37
72 91 18
90 9 15
78 97 70
51 40 82
83 42 25
9 18 99
1 91 47
25 68 94
5 96 6
73 33 89
83 94 30
79 27 39
95 58 3
35 33 94
92 91 50
95 7 75
14 5 14
13 68 19
81 3 25
61 87 68
90 9 67
8 32 6
39 28 83
16 83 17
1 17 79
91 67 56
57 14 34
26 70 99
82 40 31
58 41 17
16 89 62
38 1 17
34 49 60
25 45 3
7 7 50
42 43 61
69 1 31
16 88 90
49 58 13
20 10 30
67 81 46
81 72 33
26 3 22
81 73 23
49 46 51
76 32 58
60 73 44
45 91 59
91 68 60
82 17 57
18 90 25
78 39 19
37 49 63
85 26 94
91 19 58
39 0 41
61 32 67
29 55 65
56 79 55
31 36 58
60 94 61
42 5 100
43 96 70
86 21 73
66 46 58
54 81 89
6 12 38
51 59 85
94 96 72
59 76 65
97 17 94
6 67 74
87 34 33
10 66 22
21 24 14
80 57 14
86 10 50
73 31 86
92 55 66
71 59 70
40 66 84
85 72 77
40 70 55
70 5 86
72 96 13
87 15 53
90 84 29
42 85 42
53 3 6
0 60 37
79 56 63
64 21 41
56 27 11
